image_width: 1024
image_height: 768
camera_name: 00b09d0100bdb528_right
camera_matrix:
  rows: 3
  cols: 3
  data: [569.052362267529, 0, 504.836186738102, 0, 567.219465311871, 376.028855975048, 0, 0, 1]
distortion_model: rational_polynomial
distortion_coefficients:
  rows: 1
  cols: 8
  data: [-0.146325651421348, -0.0411197623584737, 0.000116269142080529, 0.00246282243655995, -0.0663234705303704, 0.207598660297508, -0.0992331887955687, -0.12485572573741]
rectification_matrix:
  rows: 3
  cols: 3
  data: [0.996375630529544, -0.00330203275806778, -0.0849982321376084, 0.00377085621914916, 0.999978548186207, 0.00535572691415636, 0.0849787239856462, -0.00565683189330937, 0.996366707955812]
projection_matrix:
  rows: 3
  cols: 4
  data: [577.634402694856, 0, 619.14289855957, -69.2838303851966, 0, 577.634402694856, 380.769645690918, 0, 0, 0, 1, 0]