image_width: 1024
image_height: 768
camera_name: 00b09d0100bdb528_left
camera_matrix:
  rows: 3
  cols: 3
  data: [568.621645679942, 0, 505.450386736454, 0, 565.664463561377, 386.515352966882, 0, 0, 1]
distortion_model: rational_polynomial
distortion_coefficients:
  rows: 1
  cols: 8
  data: [-0.155515228364101, -0.0331913096782573, 0.00034900618734936, -9.33643530773473e-05, -0.0882031628654802, 0.206399105538654, -0.101819162856525, -0.151943973815807]
rectification_matrix:
  rows: 3
  cols: 3
  data: [0.99820256475412, 0.000817767247619528, -0.0599247108881319, -0.00114816490860153, 0.999984329256836, -0.00547932095226381, 0.0599192910141644, 0.00553827567786057, 0.998187861109759]
projection_matrix:
  rows: 3
  cols: 4
  data: [577.634402694856, 0, 619.14289855957, 0, 0, 577.634402694856, 380.769645690918, 0, 0, 0, 1, 0]